monnalisa:   1.041892496235671	1.096938665968762	0.9997205787085345
dictioPartial:	1.136794382713458	1.0318986684345028	1.204992018660203
cwdbPartial:	1.041892496235671	1.096938665968762	0.9997205787085345
cwdbExact:	1.2819118420317104	0.9867422267331015	1.7171184613243171
cwdbDictio:	1.9837421611997264	0.7546776572443222	0.7778213520832206
wordnet:	0.9647243722152694	1.10052863338562	0.6376144559690728
dijkstra:	0.9714328714146049	0.9858064344801327	0.6533993718520277
webSearchSnippets:	0.7868561655148028	0.6685240231076827	0.8749449866281817
webSearchSnippets-Inits:	0.7868561655148028	0.6685240231076827	0.874944986628181
webSearchSnippets-Fill:	0.7868561655148028	0.6685240231076827	0.874944986628181
webSearchDocs:	0.7868561655148028	0.6685240231076827	0.874944986628181
webSearchDocs-Inits:	0.7868561655148028	0.6685240231076827	0.874944986628181
webSearchDocs-Fill:	0.7868561655148028	0.6685240231076827	0.874944986628181
lexicon:	0.001	0.002	1
ruleBased:	 1	1.0	3
expert_qq_use_dist_max_0.1:	 1	 1	 1
expert_en_sensigrafo:	 0.2	 1	 1